#joint_names: ["arm_1_joint","arm_2_joint","arm_3_joint","arm_4_joint","arm_5_joint","arm_6_joint","arm_7_joint"]

# back side positions
home: [[0,0,0,0,0,0,0]]
calib_old: [[-0.08223, -1.88519, 0.57768, -0.59635, 0.24536, 1.37332, -1.40385]]
calib: [[-0.03224, -1.97349, 0.69021, -0.90279, -2.96700, -1.14676, -1.34508]]

# positions for stereo prosilica calibration
stereo_00: [[-0.03224, -1.97349, 0.69021, -0.90279, -2.96700, -1.14676, -1.34508]]
stereo_01: [[-0.13342, -2.07224, 0.31975, -1.02947, -2.96700, -0.90115, -1.41264]]
stereo_02: [[-0.01010, -1.98916, 0.82196, -0.96691, -2.71517, -0.62172, -1.41614]]
stereo_03: [[-0.17104, -1.95168, 0.44861, -0.73887, -2.96700, -1.68840, -1.30964]]
stereo_04: [[0.03170, -1.82422, 0.96137, -0.81144, -2.80717, -1.47611, -1.44410]]
stereo_05: [[-1.02141, -2.09440, -1.08927, -1.52186, -1.30552, -1.16613, -2.00123]]
stereo_06: [[0.18130, -2.04300, 0.85198, -1.30482, -2.96700, -1.44236, -1.39236]]
stereo_07: [[-0.11894, -1.63781, 1.04540, -0.36809, -2.63627, -0.85839, -1.48859]]
stereo_08: [[-0.16813, -1.65747, 0.92802, -0.29507, -2.78933, -1.85491, -1.36950]]
stereo_09: [[-0.17655, -1.82283, 0.32955, -1.05696, -2.96700, -0.62836, -1.47999]]
stereo_10: [[-0.29488, -1.83375, 0.72989, -0.77208, -2.66312, -0.50382, -1.40528]]
stereo_11: [[0.01956, -2.08751, 0.84618, -0.77214, -2.83435, -0.86886, -1.20772]]
stereo_12: [[0.28318, -2.05162, 0.68448, -1.02736, 2.96700, -1.06125, -1.44923]]
stereo: ["stereo_00", "stereo_01", "stereo_02", "stereo_03", "stereo_04", "stereo_05", "stereo_06", "stereo_07", "stereo_08", "stereo_09", "stereo_10", "stereo_11", "stereo_12"]
