#joint_names: ["arm_1_joint","arm_2_joint","arm_3_joint","arm_4_joint","arm_5_joint","arm_6_joint","arm_7_joint"]

calibration: [[0.05897, -1.62093, 1.61828, -0.60607, 2.32322, -1.44618, -1.08467]]
intrinsic_00: [[0.13771, -1.61106, 1.60106, -0.90347, 2.30275, -1.28409, -0.93367]]
intrinsic_01: [[0.21571, -1.68461, 1.40137, -1.03150, 2.05505, -1.14005, -0.86222]]
intrinsic_02: [[0.12290, -1.59493, 1.69125, -0.96669, 2.20998, -0.73628, -0.75359]]
intrinsic_03: [[0.04145, -1.63299, 1.55009, -0.74059, 2.33365, -1.81305, -0.93408]]
intrinsic_04: [[0.09348, -1.47456, 1.84216, -0.81108, 2.57727, -1.52091, -1.08165]]
intrinsic_05: [[0.35506, -1.94431, 1.30588, -1.52874, 2.02964, -0.55206, -0.36549]]
intrinsic_06: [[0.35804, -1.59560, 1.56032, -1.30521, 2.62008, -1.53075, -0.90726]]
intrinsic_07: [[-0.10413, -1.48145, 1.93159, -0.36724, 2.62225, -0.86223, -1.27595]]
intrinsic_08: [[-0.14182, -1.53227, 1.83254, -0.29490, 2.62950, -1.86769, -1.23319]]
intrinsic_09: [[0.15222, -1.51624, 1.17735, -1.05862, 2.04233, -0.84345, -0.86415]]
intrinsic_10: [[-0.16216, -1.53930, 1.58198, -0.77218, 2.23807, -0.57952, -0.77109]]
intrinsic_11: [[0.11950, -1.77789, 1.72107, -0.77208, 2.35954, -0.95062, -0.79883]]
intrinsic_12: [[0.47810, -1.70765, 1.47337, -1.02832, 2.10556, -1.29333, -1.09390]]
all_intrinsic: ["intrinsic_00", "intrinsic_01", "intrinsic_02", "intrinsic_03", "intrinsic_04", "intrinsic_05", "intrinsic_06", "intrinsic_07", "intrinsic_08", "intrinsic_09", "intrinsic_10", "intrinsic_11", "intrinsic_12"]