#joint_names: ["arm_1_joint","arm_2_joint","arm_3_joint","arm_4_joint","arm_5_joint","arm_6_joint","arm_7_joint"]

calibration: [[1.17997, -1.30500, 0.92121, -1.15372, 1.47645, -1.54129, -0.94840]]
intrinsic_00: [[1.17997, -1.30500, 0.92121, -1.15372, 1.47645, -1.54129, -0.94840]]
intrinsic_01: [[1.10505, -1.14511, 0.83451, -1.24037, 1.42289, -1.41753, -0.87253]]
intrinsic_02: [[1.08659, -1.10105, 0.87951, -1.51719, 1.77379, -1.06004, -1.08158]]
intrinsic_03: [[1.27122, -1.48335, 1.11486, -1.01803, 1.51171, -1.72368, -0.95941]]
intrinsic_04: [[1.18115, -1.49452, 1.20838, -1.33550, 1.75860, -1.52431, -1.34130]]
intrinsic_05: [[1.01869, -1.03095, 0.87819, -1.51971, 1.33389, -1.16927, -0.97610]]
intrinsic_06: [[1.18692, -1.51571, 1.24824, -1.26176, 1.44284, -1.73098, -1.11987]]
intrinsic_07: [[0.98963, -1.14354, 1.16021, -1.56134, 2.20102, -0.69878, -1.33317]]
intrinsic_08: [[1.25241, -1.56809, 1.30829, -1.15835, 1.70875, -1.55576, -1.26852]]
intrinsic_09: [[1.04338, -1.07403, 1.07290, -1.25893, 1.35457, -1.22374, -0.76478]]
intrinsic_10: [[1.14266, -1.17164, 1.13067, -1.45994, 1.77440, -0.80090, -1.17964]]
intrinsic_11: [[0.98938, -1.31799, 1.01979, -1.47479, 1.54481, -0.97485, -1.10326]]
intrinsic_12: [[0.88163, -1.27933, 1.06858, -1.23935, 1.13529, -1.37671, -0.76080]]
robot_back_00: [[0.93702, -1.30205, 0.92339, -1.19744, 1.01367, -1.29042, -0.78742]]
robot_back_01: [[0.82444, -1.35993, 1.06391, -1.48403, 1.35945, -0.98998, -0.97549]]
robot_back_02: [[0.93995, -1.46061, 1.06985, -1.14163, 1.02136, -1.38700, -0.81239]]
robot_center_00: [[1.09922, -1.45664, 1.25553, -1.15465, 1.18222, -1.32632, -0.89595]]
robot_center_01: [[1.00381, -1.29473, 1.17371, -1.24043, 1.13714, -1.19843, -0.80470]]
robot_center_02: [[0.95467, -1.32545, 1.27034, -1.51818, 1.51562, -0.72863, -1.10859]]
robot_center_03: [[1.22494, -1.65238, 1.49206, -1.01788, 1.16498, -1.50367, -0.90726]]
robot_center_04: [[1.13968, -1.74727, 1.60961, -1.33637, 1.41431, -1.19322, -1.34743]]
robot_center_05: [[0.89507, -1.22672, 1.23401, -1.52093, 1.02559, -0.90126, -0.84849]]
robot_center_06: [[1.19070, -1.75517, 1.59202, -1.25163, 1.11156, -1.48220, -1.07583]]
robot_center_07: [[0.92328, -1.51143, 1.67569, -1.56801, 2.40171, -0.32083, -2.00409]]
robot_center_08: [[1.24348, -1.79000, 1.74778, -1.15631, 1.31030, -1.25379, -1.24952]]
robot_center_09: [[0.99701, -1.30559, 1.40964, -1.25291, 1.00157, -1.00076, -0.69591]]
robot_center_10: [[1.01122, -1.46073, 1.59541, -1.49595, 1.37935, -0.40574, -1.13063]]
robot_center_11: [[0.85865, -1.53333, 1.42506, -1.50368, 1.16935, -0.62507, -0.96931]]
robot_center_12: [[0.87194, -1.44794, 1.36579, -1.23679, 0.85932, -1.16218, -0.67454]]
robot_left_00: [[0.85755, -1.49424, 1.52266, -1.37121, 0.99103, -1.14193, -0.77719]]
robot_left_01: [[0.68766, -1.34724, 1.55557, -1.67971, 1.27566, -0.53366, -0.88269]]
robot_left_02: [[0.80211, -1.46232, 1.42356, -1.35910, 0.82802, -1.09416, -0.69133]]
robot_right_00: [[1.17372, -1.71784, 1.50523, -1.12018, 0.85005, -1.17698, -0.90246]]
robot_right_01: [[1.10104, -1.59930, 1.41516, -1.21065, 0.82082, -0.99606, -0.85034]]
robot_right_02: [[0.87867, -1.68725, 1.52905, -1.56025, 1.07923, -0.49452, -1.04177]]
all_intrinsic: ["intrinsic_00", "intrinsic_01", "intrinsic_02", "intrinsic_03", "intrinsic_04", "intrinsic_05", "intrinsic_06", "intrinsic_07", "intrinsic_08", "intrinsic_09", "intrinsic_10", "intrinsic_11", "intrinsic_12"]
all_robot_center: ["robot_center_00", "robot_center_01", "robot_center_02", "robot_center_03", "robot_center_04", "robot_center_05", "robot_center_06", "robot_center_07", "robot_center_08", "robot_center_09", "robot_center_10", "robot_center_11", "robot_center_12"]
all_robot_left: ["robot_left_00", "robot_left_01", "robot_left_02"]
all_robot_right: ["robot_right_00", "robot_right_01", "robot_right_02"]
all_robot_back: ["robot_back_00", "robot_back_01", "robot_back_02"]
