#joint_names: ["arm_1_joint","arm_2_joint","arm_3_joint","arm_4_joint","arm_5_joint","arm_6_joint","arm_7_joint"]

calibration: [[1.19733, -1.56606, 1.02635, -0.89328, 1.69921, -1.59715, -0.72326]]
intrinsic_00: [[1.19733, -1.56606, 1.02635, -0.89328, 1.69921, -1.59715, -0.72326]]
intrinsic_01: [[1.10112, -1.43593, 0.91488, -0.98660, 1.60815, -1.48882, -0.65203]]
intrinsic_02: [[1.05613, -1.36628, 0.92848, -1.28100, 1.84513, -1.13736, -0.79135]]
intrinsic_03: [[1.30161, -1.67327, 1.24426, -0.82308, 1.80576, -1.74943, -0.78419]]
intrinsic_04: [[1.20216, -1.66218, 1.31655, -1.13909, 2.01968, -1.56221, -1.14091]]
intrinsic_05: [[0.98682, -1.35470, 0.91563, -1.27431, 1.43544, -1.32854, -0.77237]]
intrinsic_06: [[1.21586, -1.72517, 1.39933, -1.05182, 1.69395, -1.79000, -0.94393]]
intrinsic_07: [[0.95753, -1.39399, 1.25789, -1.32882, 2.14454, -0.62630, -1.00223]]
intrinsic_08: [[1.29439, -1.68745, 1.37296, -0.95439, 2.04236, -1.60125, -1.07964]]
intrinsic_09: [[1.05108, -1.32225, 1.07649, -1.10293, 1.59364, -1.32286, -0.67019]]
intrinsic_10: [[1.13077, -1.37711, 1.08929, -1.27613, 1.88684, -0.98451, -0.91935]]
intrinsic_11: [[1.01602, -1.52771, 0.98223, -1.17799, 1.66203, -1.13538, -0.74637]]
intrinsic_12: [[0.94297, -1.51935, 1.03134, -0.94792, 1.41468, -1.50063, -0.52889]]
robot_back_00: [[1.02557, -1.59450, 0.88381, -0.73873, 1.26250, -1.51732, -0.44784]]
robot_back_01: [[0.88239, -1.55209, 0.99225, -1.16186, 1.52446, -1.16196, -0.62113]]
robot_back_02: [[1.04685, -1.70442, 1.05826, -0.71865, 1.31774, -1.56687, -0.49537]]
robot_center_00: [[1.15602, -1.64972, 1.24996, -0.89865, 1.48505, -1.47797, -0.72884]]
robot_center_01: [[1.04932, -1.52144, 1.14067, -0.98662, 1.40123, -1.36036, -0.64337]]
robot_center_02: [[0.98512, -1.48756, 1.16818, -1.28161, 1.66415, -0.95990, -0.82911]]
robot_center_03: [[1.29605, -1.75613, 1.46273, -0.78928, 1.59125, -1.65290, -0.77546]]
robot_center_04: [[1.18403, -1.78598, 1.54633, -1.14109, 1.81382, -1.41256, -1.19673]]
robot_center_05: [[0.91798, -1.46651, 1.14274, -1.27516, 1.23322, -1.16530, -0.73121]]
robot_center_06: [[1.24653, -1.79000, 1.49211, -1.03194, 1.58189, -1.75623, -0.96664]]
robot_center_07: [[0.93677, -1.46876, 1.38156, -1.33064, 2.12201, -0.54126, -1.09958]]
robot_center_08: [[1.29385, -1.72851, 1.47358, -0.94433, 1.95313, -1.54833, -1.09754]]
robot_center_09: [[1.05835, -1.40984, 1.15046, -1.06902, 1.49467, -1.29139, -0.68094]]
robot_center_10: [[1.04889, -1.40772, 1.18243, -1.30934, 1.79823, -0.92046, -0.90647]]
robot_center_11: [[0.95124, -1.53173, 1.08365, -1.22102, 1.58881, -1.05616, -0.73935]]
robot_center_12: [[0.96855, -1.56929, 1.13341, -0.94337, 1.33082, -1.42875, -0.55690]]
robot_left_00: [[0.94167, -1.56632, 1.29494, -1.16541, 1.47742, -1.42272, -0.76141]]
robot_left_01: [[0.75099, -1.34862, 1.22112, -1.48831, 1.66045, -0.93559, -0.75564]]
robot_left_02: [[0.87362, -1.58413, 1.22278, -1.10036, 1.25285, -1.36248, -0.61503]]
robot_right_00: [[1.27754, -1.79000, 1.33644, -0.77777, 1.35957, -1.50068, -0.76916]]
robot_right_01: [[1.18492, -1.71126, 1.21452, -0.88298, 1.28330, -1.35758, -0.74194]]
robot_right_02: [[0.93719, -1.66226, 1.22064, -1.27826, 1.48771, -0.96377, -0.84948]]
all_intrinsic: ["intrinsic_00", "intrinsic_01", "intrinsic_02", "intrinsic_03", "intrinsic_04", "intrinsic_05", "intrinsic_06", "intrinsic_07", "intrinsic_08", "intrinsic_09", "intrinsic_10", "intrinsic_11", "intrinsic_12"]
all_robot_center: ["robot_center_00", "robot_center_01", "robot_center_02", "robot_center_03", "robot_center_04", "robot_center_05", "robot_center_06", "robot_center_07", "robot_center_08", "robot_center_09", "robot_center_10", "robot_center_11", "robot_center_12"]
all_robot_left: ["robot_left_00", "robot_left_01", "robot_left_02"]
all_robot_right: ["robot_right_00", "robot_right_01", "robot_right_02"]
all_robot_back: ["robot_back_00", "robot_back_01", "robot_back_02"]

